structure(list(method = "GET", url = "workorder/@CRITERIA", status_code = 200L, 
    headers = structure(list(`Cache-Control` = "REDACTED", `Content-Type` = "application/hal+json", 
        Server = "REDACTED", `X-Powered-By` = "REDACTED", `Access-Control-Allow-Origin` = "REDACTED", 
        `WWW-Authenticate` = "REDACTED", `X-Powered-By` = "REDACTED", 
        `X-Robots-Tag` = "REDACTED", Date = "REDACTED", `Content-Length` = "REDACTED", 
        `Set-Cookie` = "REDACTED", `Strict-Transport-Security` = "REDACTED"), class = "httr2_headers"), 
    body = as.raw(c(0x7b, 0x22, 0x54, 0x61, 0x62, 0x6c, 0x65, 
    0x22, 0x3a, 0x22, 0x57, 0x4f, 0x52, 0x4b, 0x5f, 0x4f, 0x52, 
    0x44, 0x45, 0x52, 0x5f, 0x4d, 0x41, 0x53, 0x54, 0x45, 0x52, 
    0x22, 0x2c, 0x22, 0x43, 0x72, 0x69, 0x74, 0x65, 0x72, 0x69, 
    0x61, 0x22, 0x3a, 0x22, 0x43, 0x6f, 0x6c, 0x75, 0x6d, 0x6e, 
    0x73, 0x20, 0x41, 0x76, 0x61, 0x69, 0x6c, 0x61, 0x62, 0x6c, 
    0x65, 0x20, 0x74, 0x6f, 0x20, 0x73, 0x65, 0x61, 0x72, 0x63, 
    0x68, 0x2f, 0x66, 0x69, 0x6c, 0x74, 0x65, 0x72, 0x20, 0x72, 
    0x65, 0x73, 0x75, 0x6c, 0x74, 0x73, 0x22, 0x2c, 0x22, 0x41, 
    0x4c, 0x4c, 0x46, 0x49, 0x45, 0x4c, 0x44, 0x53, 0x22, 0x3a, 
    0x22, 0x53, 0x65, 0x74, 0x20, 0x74, 0x6f, 0x20, 0x31, 0x20, 
    0x74, 0x6f, 0x20, 0x73, 0x65, 0x65, 0x20, 0x61, 0x6c, 0x6c, 
    0x20, 0x61, 0x76, 0x61, 0x69, 0x6c, 0x61, 0x62, 0x6c, 0x65, 
    0x20, 0x66, 0x69, 0x65, 0x6c, 0x64, 0x73, 0x2e, 0x20, 0x20, 
    0x55, 0x73, 0x65, 0x66, 0x75, 0x6c, 0x20, 0x66, 0x6f, 0x72, 
    0x20, 0x72, 0x65, 0x70, 0x6f, 0x72, 0x74, 0x69, 0x6e, 0x67, 
    0x22, 0x2c, 0x22, 0x54, 0x59, 0x50, 0x45, 0x22, 0x3a, 0x22, 
    0x54, 0x79, 0x70, 0x65, 0x22, 0x2c, 0x22, 0x53, 0x54, 0x41, 
    0x54, 0x55, 0x53, 0x22, 0x3a, 0x22, 0x53, 0x74, 0x61, 0x74, 
    0x75, 0x73, 0x22, 0x2c, 0x22, 0x44, 0x41, 0x54, 0x45, 0x22, 
    0x3a, 0x22, 0x44, 0x61, 0x74, 0x65, 0x22, 0x2c, 0x22, 0x53, 
    0x55, 0x42, 0x4d, 0x49, 0x54, 0x54, 0x45, 0x44, 0x5f, 0x42, 
    0x59, 0x22, 0x3a, 0x22, 0x53, 0x75, 0x62, 0x6d, 0x69, 0x74, 
    0x74, 0x65, 0x64, 0x20, 0x42, 0x79, 0x22, 0x2c, 0x22, 0x50, 
    0x52, 0x49, 0x4f, 0x52, 0x49, 0x54, 0x59, 0x22, 0x3a, 0x22, 
    0x50, 0x72, 0x69, 0x6f, 0x72, 0x69, 0x74, 0x79, 0x22, 0x2c, 
    0x22, 0x42, 0x55, 0x49, 0x4c, 0x44, 0x49, 0x4e, 0x47, 0x5f, 
    0x49, 0x44, 0x22, 0x3a, 0x22, 0x42, 0x75, 0x69, 0x6c, 0x64, 
    0x69, 0x6e, 0x67, 0x22, 0x2c, 0x22, 0x45, 0x51, 0x50, 0x5f, 
    0x4e, 0x4f, 0x22, 0x3a, 0x22, 0x45, 0x71, 0x75, 0x69, 0x70, 
    0x6d, 0x65, 0x6e, 0x74, 0x23, 0x22, 0x2c, 0x22, 0x41, 0x53, 
    0x53, 0x49, 0x47, 0x4e, 0x5f, 0x54, 0x4f, 0x22, 0x3a, 0x22, 
    0x41, 0x73, 0x73, 0x69, 0x67, 0x6e, 0x20, 0x54, 0x6f, 0x22, 
    0x2c, 0x22, 0x49, 0x53, 0x53, 0x55, 0x45, 0x5f, 0x54, 0x4f, 
    0x22, 0x3a, 0x22, 0x49, 0x73, 0x73, 0x75, 0x65, 0x20, 0x54, 
    0x6f, 0x22, 0x2c, 0x22, 0x43, 0x4f, 0x4e, 0x54, 0x52, 0x41, 
    0x43, 0x54, 0x4f, 0x52, 0x5f, 0x4e, 0x41, 0x4d, 0x45, 0x22, 
    0x3a, 0x22, 0x43, 0x6f, 0x6e, 0x74, 0x72, 0x61, 0x63, 0x74, 
    0x6f, 0x72, 0x20, 0x4e, 0x61, 0x6d, 0x65, 0x22, 0x2c, 0x22, 
    0x45, 0x53, 0x41, 0x5f, 0x52, 0x45, 0x50, 0x4f, 0x52, 0x54, 
    0x49, 0x4e, 0x47, 0x5f, 0x46, 0x4c, 0x41, 0x47, 0x22, 0x3a, 
    0x22, 0x41, 0x64, 0x64, 0x20, 0x74, 0x6f, 0x20, 0x45, 0x6c, 
    0x65, 0x63, 0x74, 0x72, 0x69, 0x63, 0x61, 0x6c, 0x20, 0x53, 
    0x61, 0x66, 0x65, 0x74, 0x79, 0x20, 0x41, 0x75, 0x74, 0x68, 
    0x6f, 0x72, 0x69, 0x74, 0x79, 0x20, 0x52, 0x65, 0x70, 0x6f, 
    0x72, 0x74, 0x69, 0x6e, 0x67, 0x22, 0x2c, 0x22, 0x4c, 0x49, 
    0x4d, 0x49, 0x54, 0x22, 0x3a, 0x22, 0x54, 0x68, 0x65, 0x20, 
    0x6d, 0x61, 0x78, 0x69, 0x6d, 0x75, 0x6d, 0x20, 0x6e, 0x75, 
    0x6d, 0x62, 0x65, 0x72, 0x20, 0x6f, 0x66, 0x20, 0x72, 0x65, 
    0x63, 0x6f, 0x72, 0x64, 0x73, 0x20, 0x72, 0x65, 0x74, 0x75, 
    0x72, 0x6e, 0x65, 0x64, 0x20, 0x70, 0x65, 0x72, 0x20, 0x72, 
    0x65, 0x71, 0x75, 0x65, 0x73, 0x74, 0x2e, 0x20, 0x54, 0x68, 
    0x65, 0x20, 0x64, 0x65, 0x66, 0x61, 0x75, 0x6c, 0x74, 0x20, 
    0x66, 0x6f, 0x72, 0x20, 0x74, 0x68, 0x69, 0x73, 0x20, 0x66, 
    0x69, 0x65, 0x6c, 0x64, 0x20, 0x69, 0x73, 0x20, 0x31, 0x30, 
    0x30, 0x30, 0x2e, 0x22, 0x2c, 0x22, 0x43, 0x55, 0x52, 0x53, 
    0x4f, 0x52, 0x22, 0x3a, 0x22, 0x50, 0x61, 0x73, 0x73, 0x20, 
    0x74, 0x68, 0x65, 0x20, 0x63, 0x75, 0x72, 0x73, 0x6f, 0x72, 
    0x20, 0x61, 0x73, 0x20, 0x61, 0x20, 0x70, 0x61, 0x72, 0x61, 
    0x6d, 0x65, 0x74, 0x65, 0x72, 0x20, 0x74, 0x6f, 0x20, 0x6f, 
    0x62, 0x74, 0x61, 0x69, 0x6e, 0x20, 0x61, 0x64, 0x64, 0x69, 
    0x74, 0x69, 0x6f, 0x6e, 0x61, 0x6c, 0x20, 0x72, 0x65, 0x63, 
    0x6f, 0x72, 0x64, 0x20, 0x72, 0x65, 0x71, 0x75, 0x65, 0x73, 
    0x74, 0x73, 0x20, 0x65, 0x6c, 0x73, 0x65, 0x20, 0x69, 0x73, 
    0x20, 0x65, 0x6d, 0x70, 0x74, 0x79, 0x2e, 0x22, 0x2c, 0x22, 
    0x54, 0x52, 0x41, 0x44, 0x45, 0x22, 0x3a, 0x22, 0x54, 0x72, 
    0x61, 0x64, 0x65, 0x22, 0x2c, 0x22, 0x43, 0x4f, 0x4d, 0x50, 
    0x4c, 0x45, 0x54, 0x49, 0x4f, 0x4e, 0x5f, 0x54, 0x52, 0x41, 
    0x44, 0x45, 0x22, 0x3a, 0x22, 0x43, 0x6f, 0x6d, 0x70, 0x20, 
    0x54, 0x72, 0x61, 0x64, 0x65, 0x22, 0x2c, 0x22, 0x54, 0x45, 
    0x4d, 0x50, 0x4c, 0x41, 0x54, 0x45, 0x22, 0x3a, 0x22, 0x54, 
    0x65, 0x6d, 0x70, 0x6c, 0x61, 0x74, 0x65, 0x22, 0x7d, 0x20, 
    0x0d, 0x0a)), request = structure(list(url = "https://api.megamation.com/uog/dl/workorder/@CRITERIA", 
        method = NULL, headers = structure(list(Authorization = "REDACTED"), redact = "Authorization"), 
        body = NULL, fields = list(), options = list(useragent = "megamation (https://github.com/asadow/megamation)"), 
        policies = list(error_body = function (resp) 
        {
            if (!httr2::resp_has_body(resp)) {
                return("No response body.")
            }
            purrr::pluck(httr2::resp_body_json(resp), "detail")
        }, cache_path = "C:\\Users\\asadowsk\\AppData\\Local\\Temp\\Rtmp4KxLoj", 
            cache_use_on_error = FALSE, cache_debug = TRUE, cache_max = list(
                age = Inf, n = Inf, size = 1073741824))), class = "httr2_request"), 
    cache = new.env(parent = emptyenv())), class = "httr2_response")
